image: second_floor.pgm
resolution: 0.020000
origin: [-10.000000, -21.520000, 0.000000]
negate: 0
occupied_thresh: 0.65
free_thresh: 0.196

